spec      fn   wform   wmean     rho   vatom     fns    nmag    smag    sdis     aKx    saKx Talpmid    CVoV deltaTx sdltaTx  deltaG sdeltaG      Vs     sVs    GoKx   sGoKx    dKdT   sdKdT    dGdT   sdGdT
an      13.00   278.21    21.40     2.77     7.74    13.00     0.00     0.00    -0.00    -1.00    -0.10   786.50     3.22    -1.00     0.00    -1.00     0.00     3.80     0.14     0.47     0.04     8.00     1.00     6.00     3.00
ab      13.00   262.22    20.17     2.61     7.73    13.00     0.00     0.00    -0.00    -1.00    -0.10   839.00     3.23    -1.00     0.00    -1.00     0.00     3.71     0.23     0.60     0.09     4.00     2.00     6.00     3.00
sp      28.00   569.07    20.32     3.58     5.68    28.00     0.00     0.00     1.56     4.65     0.46  1294.00     4.39     6.69     1.02    -1.00     0.00     5.52     0.01     0.56     0.00    29.00     3.00    13.00     1.00
hc      28.00   695.24    24.83     4.26     5.83    28.00     4.00     0.00     1.56    -1.00    -0.10   886.50     4.28    -1.00     0.00    -1.00     0.00     4.46     0.34     0.40     0.06    35.00     6.00    13.00     4.00
fo       7.00   140.69    20.10     3.23     6.23     7.00     0.00     0.00    -0.00     4.03     0.40  1225.00     4.00     5.41     0.54    -1.00     0.00     5.03     0.05     0.63     0.02    18.00     1.00    14.00     1.00
fa       7.00   203.78    29.11     4.40     6.61     7.00     2.00     0.00    -0.00     4.00     0.40   711.50     3.77     6.53     0.72    -1.00     0.00     3.41     0.01     0.37     0.00    25.00     1.00    10.00     1.00
mgwa     7.00   140.69    20.10     3.47     5.79     7.00     0.00     0.00    -0.00     4.80     0.48   686.50     4.31     5.63     1.18    -1.00     0.00     5.68     0.05     0.66     0.01    22.00     6.00    18.00     1.00
fewa     7.00   203.78    29.11     4.76     6.11     7.00     2.00     0.00    -0.00    -1.00    -0.10   150.00     4.08    -1.00     0.00    -1.00     0.00     3.89     0.32     0.42     0.08    21.00     6.00    11.00     4.00
mgri     7.00   140.69    20.10     3.56     5.64     7.00     0.00     0.00    -0.00     4.45     0.45   661.50     4.42     5.60     0.79    -1.00     0.00     5.88     0.05     0.66     0.01    22.00     2.00    16.00     2.00
feri     7.00   203.78    29.11     4.87     5.98     7.00     2.00     0.00    -0.00    -1.00    -0.10   486.50     4.17    -1.00     0.00    -1.00     0.00     4.35     0.24     0.43     0.05    24.00     6.00    14.00     4.00
en      10.00   200.78    20.08     3.20     6.27     5.00     0.00     0.00    -0.00     3.14     0.31   886.50     3.98     9.15     0.92    -1.00     0.00     4.90     0.02     0.71     0.01    29.00     2.00    14.00     1.00
fs      10.00   263.86    26.39     4.00     6.59    10.00     2.00     0.00    -0.00    -1.00    -0.10   600.00     3.78    -1.00     0.00    -1.00     0.00     3.60     0.17     0.51     0.05    28.00     4.00     8.00     3.00
mgts    10.00   202.35    20.23     3.42     5.91    10.00     0.00     0.00    -0.00    -1.00    -0.10   150.00     4.22    -1.00     0.00    -1.00     0.00    -1.00    -1.00    -1.00    -1.00    31.00     5.00    15.00     4.00
odi     10.00   216.55    21.66     3.18     6.81    10.00     0.00     0.00    -0.00    -1.00    -0.10   150.00     3.67    -1.00     0.00    -1.00     0.00    -1.00    -1.00    -1.00    -1.00    27.00     4.00     9.00     3.00
di      10.00   216.55    21.66     3.28     6.60    10.00     0.00     0.00    -0.00     3.54     0.35   786.50     3.78     4.40     0.57    -1.00     0.00     4.71     0.01     0.63     0.01    13.00     1.00    11.00     1.00
he      10.00   248.09    24.81     3.66     6.79    10.00     1.00     0.00    -0.00    -1.00    -0.10   786.50     3.68    -1.00     0.00    -1.00     0.00     4.08     0.04     0.51     0.02    12.00     4.00     9.00     3.00
cen     10.00   200.78    20.08     3.21     6.25    10.00     0.00     0.00    -0.00    -1.00    -0.10   150.00     3.99    -1.00     0.00    -1.00     0.00    -1.00    -1.00    -1.00    -1.00    13.00     5.00    12.00     4.00
cats    10.00   218.12    21.81     3.43     6.36    10.00     0.00     0.00     1.15    -1.00    -0.10   886.50     3.92    -1.00     0.00    -1.00     0.00    -1.00    -1.00    -1.00    -1.00    11.00     4.00    11.00     4.00
jd      10.00   202.14    20.21     3.34     6.05    10.00     0.00     0.00    -0.00     3.37     0.34   686.50     4.12     4.90     1.53    -1.00     0.00     5.04     0.06     0.59     0.02    13.00     6.00    13.00     4.00
mgc2    10.00   200.78    20.08     3.30     6.08    10.00     0.00     0.00    -0.00     3.50     0.35   786.50     4.11    -1.00     0.00    -1.00     0.00     5.47     0.03     0.63     0.01    19.00     3.00    17.00     2.00
fec2    10.00   263.86    26.39     4.13     6.39    10.00     2.00     0.00    -0.00    -1.00    -0.10   150.00     0.25    -1.00     0.00    -1.00     0.00    -1.00    -1.00    -1.00    -1.00    19.00     6.00    11.00     4.00
capv     5.00   116.16    23.23     4.23     5.49     5.00     0.00     0.00    -0.00     4.69     0.47   950.00     4.54     7.04     1.85    -1.00     0.00     6.24     0.22     0.70     0.05    15.00    19.00    25.00     5.00
mgil     5.00   100.39    20.08     3.81     5.27     5.00     0.00     0.00    -0.00     4.95     0.50   588.00     4.73     5.81     0.59    -1.00     0.00     5.89     0.19     0.62     0.04    23.00     1.00    23.00     1.00
feil     5.00   131.93    26.39     4.91     5.37     5.00     1.00     0.00    -0.00    -1.00    -0.10   150.00     4.64    -1.00     0.00    -1.00     0.00    -1.00    -1.00    -1.00    -1.00    23.00     7.00    24.00     4.00
co       5.00   101.96    20.39     3.99     5.12     5.00     0.00     0.00    -0.00     6.26     0.63  1299.00     4.88     4.70     0.48    -1.00     0.00     6.40     0.05     0.64     0.02    21.00     1.00    23.00     1.00
py      20.00   403.13    20.16     3.56     5.65    20.00     0.00     0.00    -0.00     4.27     0.43   877.00     4.41     4.29     0.75    -1.00     0.00     5.13     0.05     0.55     0.01    16.00     2.00    10.00     1.00
al      20.00   497.76    24.89     4.31     5.77    20.00     3.00     0.00    -0.00    -1.00    -0.10   836.00     4.32    -1.00     0.00    -1.00     0.00     4.72     0.02     0.55     0.01    20.00     5.00    15.00     4.00
gr      20.00   450.45    22.52     3.60     6.26    20.00     0.00     0.00    -0.00     3.99     0.40   881.00     3.99     4.87     0.50    -1.00     0.00     5.50     0.10     0.65     0.02    16.00     1.00    14.00     1.00
mgmj    20.00   401.56    20.08     3.51     5.72    20.00     0.00     0.00    -0.00     3.97     0.40   731.50     4.36     4.58     0.79    -1.00     0.00     4.92     0.06     0.51     0.02    16.00     2.00    10.00     1.00
namj    20.00   402.70    20.14     3.63     5.54    20.00     0.00     0.00     0.79     5.20     0.52   986.50     4.50     4.42     1.06    -1.00     0.00     5.62     0.01     0.66     0.01    16.00     8.00    18.00     4.00
qtz      3.00    60.09    20.03     2.68     7.47     3.00     0.00     0.00    -0.00    -1.00    -0.10   573.50     3.30    -1.00     0.00    -1.00     0.00     4.09     0.05     1.18     0.04   -23.00     1.00     7.00     3.00
coes     3.00    60.09    20.03     2.91     6.89     3.00     0.00     0.00    -0.00    -1.00    -0.10  1038.00     3.62    -1.00     0.00    -1.00     0.00     4.60     0.01     0.59     0.00     3.00     1.00    10.00     3.00
st       3.00    60.09    20.03     4.29     4.67     3.00     0.00     0.00    -0.00     4.10     0.41  1150.00     5.34    -1.00     0.00    -1.00     0.00     7.29     0.19     0.74     0.04    30.00    20.00    38.00     5.00
apbo     3.00    60.09    20.03     4.40     4.56     3.00     0.00     0.00    -0.00    -1.00    -0.10   150.00     5.47    -1.00     0.00    -1.00     0.00     9.15     0.02     0.53     0.00    31.00    10.00    38.00     5.00
mgpv     5.00   100.39    20.08     4.11     4.89     5.00     0.00     0.00    -0.00     5.72     0.57  1150.00     5.10    -1.00     0.00    -1.00     0.00     6.49     0.03     0.68     0.01    18.00     4.00    22.00     2.00
fepv     5.00   131.93    26.39     5.18     5.10     5.00     1.00     0.00    -0.00    -1.00    -0.10   150.00     4.89    -1.00     0.00    -1.00     0.00     5.16     0.75     0.49     0.16    17.00     9.00    21.00     5.00
alpv     5.00   101.96    20.39     4.09     4.99     5.00     0.00     0.00    -0.00    -1.00    -0.10   150.00     5.00    -1.00     0.00    -1.00     0.00     7.91     0.15     0.99     0.05    14.00     9.00    23.00     2.00
mppv     5.00   100.39    20.08     4.22     4.76     5.00     0.00     0.00    -0.00     0.01     0.00   975.50     5.24    -1.00     0.00    -1.00     0.00     8.49     0.06     0.50     0.01    15.00     1.00    20.00     1.00
fppv     5.00   131.93    26.39     5.31     4.97     5.00     1.00     0.00    -0.00    -1.00    -0.10   150.00     5.02    -1.00     0.00    -1.00     0.00     4.94     0.10    -1.00    -1.00    14.00     8.00    21.00     5.00
appv     5.00   101.96    20.39     4.28     4.77     5.00     0.00     0.00    -0.00    -1.00    -0.10  2150.00     5.23    -1.00     0.00    -1.00     0.00     6.74     0.17     0.78     0.07    17.00    10.00    28.00     1.00
pe       4.00    80.61    20.15     3.58     5.62     2.00     0.00     0.00    -0.00     5.83     0.58   900.00     4.44     4.82     0.49    -1.00     0.00     6.04     0.01     0.80     0.01    21.00     1.00    26.00     1.00
wu       4.00   143.69    35.92     5.86     6.13     2.00     2.00     0.00    -0.00    -1.00    -0.10   586.50     4.07    -1.00     0.00    -1.00     0.00     3.17     0.03     0.32     0.01    28.00     9.00     9.00     4.00
anao     4.00    81.97    20.49     3.61     5.68     4.00     0.00     0.00    -0.00    -1.00    -0.10   150.00     4.39    -1.00     0.00    -1.00     0.00    -1.00    -1.00    -1.00    -1.00    20.00     8.00    17.00     4.00
mgcf     7.00   142.27    20.32     3.94     5.16     7.00     0.00     0.00    -0.00    -1.00    -0.10   650.00     4.83    -1.00     0.00    -1.00     0.00     5.74     0.00     0.61     0.02    19.00    10.00    21.00     5.00
fecf     7.00   173.81    24.83     4.67     5.32     7.00     1.00     0.00    -0.00    -1.00    -0.10   150.00     4.69    -1.00     0.00    -1.00     0.00    -1.00    -1.00    -1.00    -1.00    18.00     9.00    25.00     5.00
nacf     7.00   142.05    20.29     3.92     5.18     7.00     0.00     0.00    -0.00    -1.00    -0.10   150.00     4.81    -1.00     0.00    -1.00     0.00     6.04     0.02     0.65     0.01    19.00    10.00    22.00     5.00
mnal    21.00   426.59    20.31     3.88     5.23    21.00     0.00     0.00     1.07    -1.00    -0.10  1100.00     4.77    -1.00     0.00    -1.00     0.00     5.76     0.02     0.63     0.01    19.00     8.00    21.00     5.00
fnal    21.00   489.67    23.32     4.37     5.34    21.00     2.00     0.00     1.07    -1.00    -0.10   150.00     4.68    -1.00     0.00    -1.00     0.00    -1.00    -1.00    -1.00    -1.00    19.00     8.00    23.00     5.00
nnal    21.00   426.16    20.29     3.90     5.21    21.00     0.00     0.00     1.65    -1.00    -0.10   150.00     4.79    -1.00     0.00    -1.00     0.00    -1.00    -1.00    -1.00    -1.00    19.00     8.00    23.00     5.00
ky       8.00   162.05    20.26     3.66     5.53     8.00     0.00     0.00    -0.00    -1.00    -0.10   761.50     4.51    -1.00     0.00    -1.00     0.00    -1.00    -1.00    -1.00    -1.00    12.00     4.00    19.00     4.00
neph     7.00   142.05    20.29     2.64     7.70     7.00     0.00     0.00    -0.00    -1.00    -0.10   861.50     3.22    -1.00     0.00    -1.00     0.00     3.41     0.06     0.63     0.02     3.00     3.00     5.00     3.00
enm      5.00   100.39    20.08  -100.39    -0.20     5.00     0.00     0.00    -0.00    -1.00    -0.10   150.00    -1.00    -1.00     0.00    -1.00     0.00    -1.00    -1.00    -1.00    -1.00     1.00     5.00     0.00     1.00
