 spec  Vox     Kox      Kopx   entx     alpx  dKdTad                                                            x dKdTisx  Gox      Gopx   dGdTx    mask
an     100.61    84.20     4.00    40.80     1.45    -1.00    -1.00    39.90    -1.00    -0.00     1.00
ab     100.45    60.00     6.00    -1.00     3.10    -1.00    -1.00    36.00    -1.00    -0.00     1.00
sp     159.05   196.00   253.18    -1.00     2.84    26.57    -1.00   109.00   115.55    -0.01     1.00
hc     163.37   210.30    -1.00    -1.00     2.74    -1.00    -1.00    84.50    -1.00    -0.01     1.00
fo      43.60   128.80   192.90    39.46     3.76    17.79    -1.00    81.60   101.93    -0.01     1.00
fa      46.29   137.57   193.96    49.88     3.18    21.75    -1.00    51.22    60.46    -0.01     1.00
mgwa    40.52   170.00   225.50    -1.00     3.03    -1.00    27.00   112.00   131.01    -0.01     1.00
fewa    42.80   170.00    -1.00    -1.00    -1.00    -1.00    -1.00    72.00    -1.00    -0.01     1.00
mgri    39.49   186.00   250.89    -1.00     2.53    20.00    -1.00   123.00   142.21    -0.01     1.00
feri    41.86   215.00    -1.00    -1.00     2.31    -1.00    -1.00    92.00    -1.00    -0.01     1.00
en      62.68   107.60   172.39    39.26     3.49    26.30    -1.00    76.80    90.34    -0.01     1.00
fs      65.94   101.00    10.60    -1.00     2.78    -1.00    -1.00    52.00    -1.00    -0.01     1.00
mgts    59.14    -1.00    -1.00    -1.00    -1.00    -1.00    -1.00    -1.00    -1.00    -0.01     1.00
odi     68.05    -1.00    -1.00    -1.00    -1.00    -1.00    -1.00    -1.00    -1.00    -0.01     1.00
di      66.04   114.60   178.45    40.30     3.34    12.00    -1.00    72.70    94.08    -0.01     1.00
he      67.87   120.00     3.80    44.20     2.99    -1.00    -1.00    61.00    -1.00    -0.01     1.00
cen     62.50    -1.00    -1.00    -1.00    -1.00    -1.00    -1.00    -1.00    -1.00    -0.01     1.00
cats    63.57    -1.00    -1.00    38.02     2.84    -1.00    -1.00    -1.00    -1.00    -0.01     1.00
jd      60.51   143.00    -1.00    38.97     2.48    -1.00    16.50    85.00    -1.00    -0.01     1.00
mgc2    60.76   156.00   198.00    -1.00     3.02    -1.00    -1.00    99.00   110.25    -0.01     1.00
fec2   999.99    -1.00    -1.00    -1.00    -1.00    -1.00    -1.00    -1.00    -1.00    -0.01     1.00
capv    27.45   236.00     3.90    -1.00     2.18    -1.00    33.00   165.00   421.06    -0.02     1.00
mgil    26.35   212.00   335.00    -1.00     2.45    22.80    -1.00   132.00   172.78    -0.02     1.00
feil    26.85    -1.00    -1.00    -1.00    -1.00    -1.00    -1.00    -1.00    -1.00    -0.02     1.00
co      25.58   254.20     3.82    36.06     2.82    21.20    -1.00   163.20   164.85    -0.02     1.00
py     113.08   171.20   249.61    38.96     2.68    14.00    -1.00    93.70   117.66    -0.01     1.00
al     115.43   175.00   231.90    43.54     2.72    -1.00    -1.00    96.00   111.64    -0.01     1.00
gr     125.12   168.00   213.42    38.97     2.56    15.20    -1.00   109.00   121.32    -0.01     1.00
mgmj   114.32   166.00   218.86    38.96     2.52    14.30    -1.00    85.00   102.24    -0.01     1.00
namj   110.84   173.50     3.80    -1.00     3.33    -1.00    23.00   114.70    -1.00    -0.01     1.00
qtz     22.69    38.20   122.60    38.73     8.44    -1.00    -1.00    44.90    50.67    -0.01     1.00
coes    20.66   103.60   137.51    -1.00     0.97    -1.00    -1.00    61.60    64.10    -0.01     1.00
st      14.02   308.00   673.40    -1.00     1.34    -1.00    -1.00   228.00   382.80    -0.02     1.00
apbo    13.67   695.00   831.00    -1.00    -1.00    -1.00    -1.00   368.00   412.00    -0.02     1.00
mgpv    24.45   253.00     4.12    -1.00     2.28    -1.00    -1.00   172.90   316.50    -0.01     1.00
fepv    25.48   283.00    -1.00    -1.00    -1.00    -1.00    -1.00   138.00   272.00    -0.01     1.00
alpv    24.94   258.20     3.68    -1.00    -1.00    -1.00    -1.00   256.00   311.50    -0.02     1.00
mppv    23.79   605.80   791.04    -1.00     0.00    -1.00    -1.00   303.90   383.40    -0.01     1.00
fppv    24.83    -1.00    -1.00    -1.00    -1.00    -1.00    -1.00   129.50   261.00    -0.01     1.00
appv    23.85   249.00     4.00    -1.00     1.26    -1.00    -1.00   194.00   380.00    -0.02     1.00
pe      22.49   163.20   581.70    41.10     4.05    20.17    -1.00   130.90   319.54    -0.02     1.00
wu      24.53   182.00   196.57    40.52     3.61    -1.00    -1.00    59.00    63.29    -0.01     1.00
anao    22.71    -1.00    -1.00    -1.00    -1.00    -1.00    -1.00    -1.00    -1.00    -0.01     1.00
mgcf    36.13   213.00     4.10    -1.00     3.40    -1.00    -1.00   129.70   249.81    -0.01     1.00
fecf    37.22    -1.00    -1.00    -1.00    -1.00    -1.00    -1.00    -1.00    -1.00    -0.02     1.00
nacf    36.27   220.00     4.10    -1.00    -1.00    -1.00    -1.00   143.00    -1.00    -0.02     1.00
mnal   109.88   206.00     4.00    -1.00     3.61    -1.00    -1.00   129.00   186.72    -0.01     1.00
fnal   112.05    -1.00    -1.00    -1.00    -1.00    -1.00    -1.00    -1.00    -1.00    -0.02     1.00
nnal   109.40    -1.00    -1.00    -1.00    -1.00    -1.00    -1.00    -1.00    -1.00    -0.02     1.00
ky      44.23   160.00     4.00    35.63     2.46    -1.00    -1.00    -1.00    -1.00    -0.01     1.00
neph    54.19    48.90    -1.00    42.92     5.18    -1.00    -1.00    30.70    -1.00    -0.01     1.00
enm     -1.00    -1.00    -1.00    -1.00    -1.00    -1.00    -1.00    -1.00    -1.00    -1.00     1.00
