 spec   Fo      Vo      Ko      Kop   theta    gamma     q      Go      Gop     eta
an   -4013.39   100.61    84.09     6.73   752.35     0.38     1.00    39.90     1.09     1.63
ab   -3720.45   100.45    59.75     2.78   721.23     0.58     1.00    36.00     1.39     1.03
sp   -8655.41   159.05   195.12     4.63   833.72     0.97     4.02   109.00     0.63     2.43
hc   -7355.07   163.37   208.98     4.63   795.38     1.19     4.02    84.50     0.63     2.49
fo   -2055.36    43.60   127.96     4.22   809.20     0.99     2.11    81.60     1.46     2.30
fa   -1371.69    46.29   136.49     4.88   618.96     1.08     2.88    51.22     0.86     1.66
mgwa -2027.71    40.52   168.70     4.12   842.66     1.20     2.21   112.00     1.50     2.57
fewa -1361.08    42.80   168.59     4.12   654.75     1.20     2.21    72.00     1.50     0.97
mgri -2017.09    39.49   184.90     4.22   874.62     1.11     2.39   123.00     1.35     2.30
feri -1361.65    41.86   213.41     4.22   673.15     1.27     2.39    92.00     1.35     1.77
en   -2914.19    62.68   107.08     7.03   812.21     0.78     3.44    76.80     1.55     2.50
fs   -2226.89    65.94   100.55     7.88   678.55     0.71     3.44    52.00     1.55     1.08
mgts -3002.40    59.14   107.08     7.03   783.88     0.78     3.44    93.40     1.55     2.39
odi  -3015.57    68.05   107.08     7.03   744.24     0.78     3.44    56.53     1.55     1.28
di   -3029.61    66.04   113.76     4.81   782.58     1.01     0.59    72.70     1.71     1.42
he   -2676.94    67.87   119.20     4.82   702.09     0.97     0.59    61.00     1.71     1.02
cen  -2906.79    62.50   113.76     4.81   806.39     1.01     0.59    77.02     1.71     1.43
cats -3119.47    63.57   113.76     4.81   804.37     0.82     0.59    73.16     1.71     1.68
jd   -2855.20    60.51   142.29     4.81   820.78     0.90     0.79    85.00     1.71     1.88
mgc2 -2905.51    60.76   116.03     6.24   822.88     1.12     0.20    87.93     1.84     2.14
fec2 -2222.70    63.85   116.03     6.24   694.32     1.12     0.20    69.99     1.84     0.77
capv -1458.69    27.45   236.00     3.90   792.96     1.89     0.90   155.25     2.23     1.23
mgil -1408.79    26.35   210.65     5.21   921.01     1.21     1.15   132.00     1.81     2.85
feil -1062.97    26.85   210.65     5.21   858.41     1.21     1.15   152.60     1.81     3.24
co   -1582.44    25.58   252.59     3.89   932.22     1.31     1.71   163.20     1.66     2.84
py   -5937.15   113.08   170.24     4.11   823.24     1.01     1.42    93.70     1.36     0.98
al   -4933.18   115.43   173.90     4.91   741.38     1.06     1.42    96.00     1.41     2.09
gr   -6275.24   125.12   167.06     3.92   822.77     1.05     1.89   109.00     1.16     2.38
mgmj -5693.38   114.32   165.12     4.21   822.49     0.98     1.54    85.00     1.43     1.02
namj -5357.99   110.84   172.07     5.20   886.17     1.26     0.10   114.70     1.36     2.51
qtz   -860.13    22.42    61.43    19.78   884.20    -0.04     1.00    44.86    -0.04     2.41
coes  -856.10    20.66   103.54     2.90   879.81     0.29     1.00    61.60     0.50     2.76
st    -816.22    14.02   305.80     4.03  1072.97     1.55     2.20   228.00     1.94     4.37
apbo  -792.11    13.67   327.12     4.02  1109.08     1.55     2.20   227.41     1.77     4.52
mgpv -1367.90    24.45   250.58     4.13   902.15     1.55     0.83   172.90     1.69     1.72
fepv -1040.21    25.48   273.08     4.13   863.54     1.55     0.83   129.31     1.36     2.22
alpv -1523.73    24.94   258.20     3.68   859.75     1.55     0.83   168.42     1.53     2.29
mppv -1338.79    23.79   292.33     3.74   961.84     1.48     0.76   155.23     1.79     1.32
fppv  -973.24    24.83   292.33     3.74   874.10     1.48     0.76   129.50     1.31     2.31
appv -1349.23    23.85   249.00     4.00   769.21     1.57     0.76    91.97     1.82     2.59
pe   -1138.89    22.49   161.38     3.84   767.12     1.36     1.72   130.90     2.14     2.82
wu    -488.14    24.53   179.44     4.94   454.17     1.53     1.72    59.00     1.45    -0.06
anao -1042.49    22.71   161.38     3.84   774.97     1.36     1.72   108.14     2.14     1.00
mgcf -2122.89    36.13   213.00     4.10   828.36     1.57     1.00   129.70     1.94     1.30
fecf -1786.95    37.22   213.00     4.10   782.88     1.57     1.00   153.70     1.94     2.20
nacf -1850.39    36.27   220.00     4.10   751.02     1.57     1.00   134.92     1.94     1.42
mnal -6142.02   109.88   203.97     4.32   834.10     1.43     1.00   129.00     1.74     1.91
fnal -5470.22   112.05   203.97     4.32   803.72     1.43     1.00   145.78     1.74     2.55
nnal -5579.52   109.40   203.97     4.32   869.00     1.43     1.00   144.31     1.74     2.45
ky   -2446.08    44.23   160.00     4.00   943.20     0.93     1.00   117.76     1.69     2.90
neph -1994.41    53.87    53.06     4.00   743.58     0.70     1.00    30.70     1.33     0.62
enm  -1735.23    38.88    22.63     5.52   304.66     1.71    -0.14     0.00     0.00     0.00
