 spec   Fo         Vo        Ko          Kop         theta      gamma         q           Go         Gop         eta      refs
an     -4013   4  100.61      84   5     6.7  10     752   2    0.38   5     1.0  10      40   3     1.1   5     1.6  10   1   2   3   4   5   6
ab     -3720   4  100.45      60   5     2.8  10     721  11    0.58   3     1.0  10      36   5     1.4   5     1.0  10   1   7   8   6
sp     -8655  21  159.05     195   1     4.6   1     834  22    0.97   4     4.0   6     109   0     0.6   0     2.4   3   1   9  10  11
hc     -7355  35  163.37     209   2     4.6  10     795  34    1.19   7     4.0  10      84  13     0.6   5     2.5  10   1   2  12
fo     -2055   2   43.60     128   2     4.2   2     809   1    0.99   3     2.1   2      82   2     1.5   1     2.3   1   1  13  14  15  16
fa     -1372   1   46.29     136   1     4.9   1     619   2    1.08   7     2.9   2      51   0     0.9   1     1.7   2   1  17  14   6  16
mgwa   -2028   2   40.52     169   2     4.1   1     843   9    1.20   9     2.2  10     112   2     1.5   0     2.6   3   1  18  19   6  20  21
fewa   -1361   7   42.80     169  13     4.1  10     655  21    1.20  30     2.2  10      72  12     1.5   5     1.0  10  22  18
mgri   -2017   2   39.49     185   2     4.2   2     875   8    1.11  10     2.4   4     123   2     1.4   1     2.3   5   1  23  24   6  25
feri   -1362   2   41.86     213   7     4.2  10     673   9    1.27  23     2.4  10      92  10     1.4   5     1.8  10  26  23  27
en     -2914   2   62.68     107   2     7.0   4     812   4    0.78   4     3.4   4      77   1     1.5   1     2.5   1   1  28  29  30  31  32  33
fs     -2227   4   65.94     101   4     7.9   0     679  10    0.71   8     3.4  10      52   5     1.5   5     1.1  10   1   2  28  34  35
mgts   -3002   9   59.14     107  10     7.0  10     784  24    0.78  30     3.4  10      93  10     1.5   5     2.4  10   1
odi    -3016   3   68.05     107  10     7.0  10     744   9    0.78  30     3.4  10      57  10     1.5   5     1.3  10  36
di     -3030   2   66.04     114   1     4.8   2     783   3    1.01   5     0.6   3      73   0     1.7   1     1.4   3   1  37  14   6  38
he     -2677  45   67.87     119   4     4.8   3     702   2    0.97   6     0.6  10      61   1     1.7   5     1.0  10   1  39  40  14   6
cen    -2907   3   62.50     114  10     4.8  10     806   9    1.01  30     0.6  10      77  10     1.7   5     1.4  10  36
cats   -3119   5   63.57     114  10     4.8  10     804   5    0.82   0     0.6  10      73  10     1.7   5     1.7  10  41  42
jd     -2855   3   60.51     142   2     4.8  10     821  12    0.90   8     0.8  14      85   2     1.7   5     1.9  10   1  43  44   6  45
mgc2   -2906   3   60.76     116   1     6.2   3     823   6    1.12   5     0.2   5      88   1     1.8   1     2.1   5  46
fec2   -2223   4   63.85     116  10     6.2  10     694  11    1.12  30     0.2  10      70  10     1.8   5     0.8  10   1  47
capv   -1459   7   27.45     236   4     3.9   2     793  38    1.89   7     0.9  16     155  12     2.2   5     1.2  10  48  49  50  51
mgil   -1409   2   26.35     211   4     5.2   0     921  11    1.21  13     1.1   1     132   8     1.8   0     2.8   3   1  52  53   6
feil   -1063  21   26.85     211  10     5.2  10     858  99    1.21  30     1.1  10     153  10     1.8   5     3.2  10   1
co     -1582   1   25.58     253   5     3.9   2     932   3    1.31   4     1.7   2     163   2     1.7   1     2.8   2   1  54  55  14   6  16
py     -5937  10  113.08     170   2     4.1   3     823   4    1.01   6     1.4   5      94   2     1.4   2     1.0   3   1  56  14  57  58
al     -4933  29  115.43     174   2     4.9   2     741   5    1.06   6     1.4  10      96   1     1.4   1     2.1  10   1  59  14  57
gr     -6275  11  125.12     167   1     3.9   2     823   2    1.05   6     1.9   2     109   4     1.2   1     2.4   1   1  59  30  60  57  16
mgmj   -5693   9  114.32     165   3     4.2   3     822   4    0.98   7     1.5   5      85   2     1.4   2     1.0   3   1  61  14  62  58  24
namj   -5358  32  110.84     172   3     5.2   6     886  30    1.26   5     0.1  12     115   1     1.4   5     2.5  10  63  64  65
qtz     -860   1   22.42      61   1    19.8   1     884  33   -0.04   6     1.0  10      45   1     0.0   1     2.4  10   1  66  67  68  69
coes    -856   1   20.66     104   1     2.9   1     880  15    0.29   3     1.0  10      62   0     0.5   1     2.8  10   1  70  71
st      -816   1   14.02     306   8     4.0   1    1073  13    1.55   6     2.2  20     228  12     1.9   1     4.4  10   1  72  73  74
apbo    -792   2   13.67     327   2     4.0   1    1109  16    1.55  30     2.2  10     227   2     1.8   1     4.5  10  36  73
mgpv   -1368   1   24.45     251   3     4.1   1     902   5    1.55   5     0.8   4     173   2     1.7   0     1.7   4   1  75  76  77  48  78  79  80
fepv   -1040   6   25.49     273  40     4.1  10     864  26    1.55  30     0.8  10     129  40     1.4   0     2.2  10   1  81  82
alpv   -1524   2   24.94     258  10     3.7   5     860   8    1.55  30     0.8  10     168  10     1.5   1     2.3   5  83  84  85  86
mppv   -1339   3   23.79     292   2     3.7   1     962   8    1.48   7     0.8   2     155   4     1.8   1     1.3   2  87  88  89  90
fppv    -973  21   24.83     292  10     3.7  10     874  58    1.48  30     0.8  10     130   5     1.3   1     2.3  10  91  92
appv   -1349   6   23.85     249  20     4.0   1     769  13    1.57   2     0.8  10      92  10     1.8   1     2.6   2  93  86  94
pe     -1139   1   22.49     161   3     3.8   2     767  19    1.36   5     1.7   2     131   1     2.1   1     2.8   2   1  56  95  96  14  10  16
wu      -488   3   24.53     179   1     4.9   2     454  41    1.53  13     1.7  10      59   1     1.4   1    -0.1  10  97  98  99 100  14   6
anao   -1042   9   22.71     161  10     3.8  10     775  56    1.36  30     1.7  10     108  10     2.1   5     1.0  10 101
mgcf   -2123   4   36.14     213   6     4.1   3     828  15    1.57  11     1.0  10     130   0     1.9   0     1.3  10 102 103 104 105 106 107
fecf   -1787  21   37.22     213  10     4.1  10     783  58    1.57  30     1.0  10     154  10     1.9   5     2.2  10  36
nacf   -1850   5   36.27     220   1     4.1   1     751  18    1.57  30     1.0  10     135   1     1.9   5     1.4  10 108 109 110
mnal   -6142  14  109.88     204   2     4.3   1     834  17    1.43   5     1.0  10     129   1     1.7   0     1.9  10 111 107 112 104 113
fnal   -5470  74  112.05     204  10     4.3  10     804  80    1.43  30     1.0  10     146  10     1.7   5     2.5  10 114
nnal   -5580  36  109.40     204  10     4.3  10     869  48    1.43  30     1.0  10     144  10     1.7   5     2.5  10 115
ky     -2446   4   44.23     160   1     4.0   0     943   8    0.93   7     1.0  10     118  10     1.7   5     2.9  10   1 116 117 118
neph   -1994  21   53.87      53   1     4.0  10     744  13    0.70   2     1.0  10      31   1     1.3   5     0.6  10 119   2  14 120
enm    -1735   3   38.88      23  10     5.5  10     305   4    1.71  30    -0.1  10       0  10     0.0   5     0.0  10
