 spec  sVox    sKox    sKopx   sSx     sVtx   sdKdTx                                                            a sdKdTxi  sGox    sGopx  sdGdTx
an     0.050   4.800   1.000   0.061   0.002  -1.000  -1.000   2.900  -1.000  -1.000
ab     0.050   4.500   1.000  -1.000   0.002  -1.000  -1.000   4.500  -1.000  -1.000
sp     0.080   0.900   0.090  -1.000   0.002   3.070   3.070   0.400   0.030   1.357
hc     0.082   2.000  -1.000  -1.000   0.002  -1.000  -1.000  12.900  -1.000  -1.000
fo     0.022   2.200   0.200   0.042   0.002   0.118   0.118   1.600   0.100   0.078
fa     0.023   0.200   0.100   0.066   0.002   1.003   1.003   0.200   0.100   0.534
mgwa   0.020   2.000   0.100  -1.000   0.002   5.000   5.000   2.000   0.040   1.000
fewa   0.021  13.000  -1.000  -1.000  -1.000  -1.000  -1.000  12.000  -1.000  -1.000
mgri   0.020   2.000   0.200  -1.000   0.002   2.000   2.000   2.000   0.100   2.000
feri   0.021   7.000  -1.000  -1.000   0.002  -1.000  -1.000  10.000  -1.000  -1.000
en     0.031   1.500   0.400   0.118   0.002   0.300   0.300   0.700   0.100   0.300
fs     0.033   4.000   0.000  -1.000   0.002  -1.000  -1.000   5.000  -1.000  -1.000
mgts   0.030  -1.000  -1.000  -1.000  -1.000  -1.000  -1.000  -1.000  -1.000  -1.000
odi    0.034  -1.000  -1.000  -1.000  -1.000  -1.000  -1.000  -1.000  -1.000  -1.000
di     0.033   0.700   0.200   0.085   0.002   1.000   1.000   0.400   0.100   1.000
he     0.034   3.500   0.300   0.076   0.002  -1.000  -1.000   1.300  -1.000  -1.000
cen    0.031  -1.000  -1.000  -1.000  -1.000  -1.000  -1.000  -1.000  -1.000  -1.000
cats   0.032  -1.000  -1.000   0.155   0.002  -1.000  -1.000  -1.000  -1.000  -1.000
jd     0.030   2.000  -1.000   0.371   0.002   4.900   4.900   2.000  -1.000  -1.000
mgc2   0.030   1.000   0.300  -1.000   0.002   2.000   2.000   1.000   0.100   2.000
fec2   0.500  -1.000  -1.000  -1.000  -1.000  -1.000  -1.000  -1.000  -1.000  -1.000
capv   0.014   4.000   0.200  -1.000   0.002   8.000   8.000  11.600   0.500  -1.000
mgil   0.013   3.500   0.030  -1.000   0.002   0.400   0.400   8.400   0.040   0.400
feil   0.013  -1.000  -1.000  -1.000  -1.000  -1.000  -1.000  -1.000  -1.000  -1.000
co     0.013   5.000   0.150   0.071   0.002   0.477   0.477   2.400   0.100   0.926
py     0.057   2.000   0.300   0.117   0.002   2.000   2.000   2.000   0.200   1.000
al     0.058   2.000   0.200   0.178   0.002  -1.000  -1.000   1.000   0.100  -1.000
gr     0.063   1.000   0.200   0.075   0.002   0.401   0.401   4.000   0.100   0.082
mgmj   0.057   3.000   0.300   0.117   0.002   2.000   2.000   2.000   0.200   1.000
namj   0.055   2.600   0.600  -1.000   0.002   5.000   5.000   0.500  -1.000  -1.000
qtz    0.011   1.000   0.100   0.935   0.002  -1.000  -1.000   1.000   0.100  -1.000
coes   0.010   0.400   0.100  -1.000   0.002  -1.000  -1.000   0.200   0.100  -1.000
st     0.007   7.900   0.100  -1.000   0.002  10.000  10.000  11.900   0.100  -1.000
apbo   0.007   2.000   0.100  -1.000  -1.000  -1.000  -1.000   2.000   0.100  -1.000
mgpv   0.012   3.000   0.100  -1.000   0.002   2.121   2.121   1.500   0.040   2.121
fepv   0.013  40.000  -1.000  -1.000  -1.000  -1.000  -1.000  40.000   0.000  -1.000
alpv   0.012  10.000   0.500  -1.000  -1.000  -1.000  -1.000  10.000   0.100   0.250
mppv   0.012   2.000   0.100  -1.000   0.002   0.707   0.707   4.000   0.100   0.353
fppv   0.012  -1.000  -1.000  -1.000  -1.000  -1.000  -1.000   5.000   0.100  -1.000
appv   0.012  20.000   0.100  -1.000   0.002  -1.000  -1.000  10.000   0.100   0.250
pe     0.011   2.800   0.150   0.611   0.002   0.261   0.261   0.500   0.100   0.349
wu     0.012   1.000   0.200   2.273   0.002  -1.000  -1.000   1.000   0.100  -1.000
anao   0.011  -1.000  -1.000  -1.000  -1.000  -1.000  -1.000  -1.000  -1.000  -1.000
mgcf   0.018   6.000   0.300  -1.000   0.002  -1.000  -1.000   0.100   0.010  -1.000
fecf   0.019  -1.000  -1.000  -1.000  -1.000  -1.000  -1.000  -1.000  -1.000  -1.000
nacf   0.018   1.000   0.100  -1.000  -1.000  -1.000  -1.000   1.000  -1.000  -1.000
mnal   0.055   2.000   0.100  -1.000   0.002  -1.000  -1.000   1.000   0.030  -1.000
fnal   0.056  -1.000  -1.000  -1.000  -1.000  -1.000  -1.000  -1.000  -1.000  -1.000
nnal   0.055  -1.000  -1.000  -1.000  -1.000  -1.000  -1.000  -1.000  -1.000  -1.000
ky     0.022   0.000   0.000   0.215   0.002  -1.000  -1.000  -1.000  -1.000  -1.000
neph   0.027   1.000  -1.000   0.448   0.002  -1.000  -1.000   1.000  -1.000  -1.000
enm    0.027  -1.000  -1.000  -1.000  -1.000  -1.000  -1.000  -1.000  -1.000  -1.000
