 spec   sFo     sVo     sKo     sKop    sthe    sgam     sq     sGo     sGop    sGot
an       4.36     0.05     4.80     1.00     1.85     0.05     1.00     2.90     0.50     1.00
ab       4.28     0.05     4.50     1.00    11.27     0.03     1.00     4.50     0.50     1.00
sp      21.46     0.08     0.90     0.09    22.16     0.04     0.62     0.40     0.03     0.31
hc      34.94     0.08     2.00     1.00    33.89     0.07     1.00    12.90     0.50     1.00
fo       1.79     0.02     2.20     0.20     1.36     0.03     0.20     1.60     0.10     0.11
fa       1.21     0.02     0.20     0.10     1.64     0.07     0.22     0.20     0.10     0.19
mgwa     2.11     0.02     2.00     0.10     8.74     0.09     1.00     2.00     0.04     0.27
fewa     7.38     0.02    13.00     1.00    21.48     0.30     1.00    12.00     0.50     1.00
mgri     1.95     0.02     2.00     0.20     7.67     0.10     0.45     2.00     0.10     0.48
feri     2.44     0.02     7.00     1.00     8.52     0.23     1.00    10.00     0.50     1.00
en       2.27     0.03     1.50     0.40     3.86     0.04     0.40     0.70     0.10     0.12
fs       3.77     0.03     4.00     0.00    10.47     0.08     1.00     5.00     0.50     1.00
mgts     8.55     0.03    10.00     1.00    24.06     0.30     1.00    10.00     0.50     1.00
odi      3.35     0.03    10.00     1.00     9.05     0.30     1.00    10.00     0.50     1.00
di       1.63     0.03     0.70     0.20     2.66     0.05     0.28     0.40     0.10     0.30
he      44.96     0.03     3.50     0.30     2.14     0.06     1.00     1.30     0.50     1.00
cen      3.16     0.03    10.00     1.00     8.96     0.30     1.00    10.00     0.50     1.00
cats     5.39     0.03    10.00     1.00     5.01    -0.00     1.00    10.00     0.50     1.00
jd       3.03     0.03     2.00     1.00    12.21     0.08     1.40     2.00     0.50     1.00
mgc2     2.82     0.03     1.00     0.30     6.19     0.05     0.50     1.00     0.10     0.51
fec2     3.81     0.50    10.00     1.00    10.60     0.30     1.00    10.00     0.50     1.00
capv     6.57     0.01     4.00     0.20    37.80     0.07     1.61    11.60     0.50     1.00
mgil     2.01     0.01     3.50     0.03    11.04     0.13     0.09     8.40     0.04     0.26
feil    21.21     0.01    10.00     1.00    99.37     0.30     1.00    10.00     0.50     1.00
co       1.19     0.01     5.00     0.15     2.65     0.04     0.18     2.40     0.10     0.24
py      10.27     0.06     2.00     0.30     3.86     0.06     0.50     2.00     0.20     0.31
al      28.82     0.06     2.00     0.20     5.29     0.06     1.00     1.00     0.10     1.00
gr      10.52     0.06     1.00     0.20     2.47     0.06     0.22     4.00     0.10     0.13
mgmj     8.92     0.06     3.00     0.30     3.86     0.07     0.50     2.00     0.20     0.32
namj    31.82     0.06     2.60     0.60    30.18     0.05     1.17     0.50     0.50     1.00
qtz      0.86     0.01     1.00     0.10    33.16     0.06     1.00     1.00     0.10     1.00
coes     0.94     0.01     0.40     0.10    14.63     0.03     1.00     0.20     0.10     1.00
st       1.32     0.01     7.90     0.10    13.34     0.06     2.00    11.90     0.10     1.00
apbo     1.90     0.01     2.00     0.10    16.20     0.30     1.00     2.00     0.10     1.00
mgpv     1.37     0.01     3.00     0.10     5.02     0.05     0.44     1.50     0.04     0.43
fepv     5.91     0.01    40.00     1.00    26.09     0.30     1.00    40.00     0.00     1.00
alpv     2.24     0.01    10.00     0.50     7.84     0.30     1.00    10.00     0.10     0.47
mppv     3.08     0.01     2.00     0.10     8.06     0.07     0.17     4.00     0.10     0.21
fppv    21.21     0.01    10.00     1.00    58.13     0.30     1.00     5.00     0.10     1.00
appv     5.68     0.01    20.00     0.10    12.57     0.02     1.00    10.00     0.10     0.17
pe       0.57     0.01     2.80     0.15    18.80     0.05     0.16     0.50     0.10     0.19
wu       3.04     0.01     1.00     0.20    41.40     0.13     1.00     1.00     0.10     1.00
anao     8.61     0.01    10.00     1.00    55.86     0.30     1.00    10.00     0.50     1.00
mgcf     4.28     0.02     6.00     0.30    15.43     0.11     1.00     0.10     0.01     1.00
fecf    20.94     0.02    10.00     1.00    57.55     0.30     1.00    10.00     0.50     1.00
nacf     4.55     0.02     1.00     0.10    17.63     0.30     1.00     1.00     0.50     1.00
mnal    13.88     0.05     2.00     0.10    16.50     0.05     1.00     1.00     0.03     1.00
fnal    74.00     0.06    10.00     1.00    80.31     0.30     1.00    10.00     0.50     1.00
nnal    36.15     0.05    10.00     1.00    47.87     0.30     1.00    10.00     0.50     1.00
ky       4.35     0.02     0.00     0.00     8.14     0.07     1.00    10.00     0.50     1.00
neph    20.55     0.03     1.00     1.00    13.37     0.02     1.00     1.00     0.50     1.00
enm      2.88     0.03    10.00     1.00     4.44     0.30     1.00    10.00     0.50     1.00
